0.00000000099999999984 0.00000000099999999984 0.99999999799999994554 
0.00000000099999999977 0.00000000099999999977 0.99999999799999994554 
0.00000000099999999973 0.00000000099999999973 0.99999999799999994554 
0.00000000099999999958 0.00000000099999999958 0.99999999800000005656 
0.00000000099999999976 0.00000000099999999976 0.99999999799999994554 
0.00000000099999999975 0.00000000099999999975 0.99999999799999994554 
0.00000000099999999975 0.00000000099999999975 0.99999999800000005656 
0.00000000099999999968 0.00000000099999999968 0.99999999800000005656 
0.00000000099999999961 0.00000000099999999961 0.99999999799999994554 
0.00000000099999999957 0.00000000099999999957 0.99999999800000005656 
0.00000000099999999974 0.00000000099999999974 0.99999999800000005656 
0.00000000099999999967 0.00000000099999999967 0.99999999800000005656 
0.99999999799999994554 0.00000000099999999979 0.00000000099999999979 
0.99999999800000005656 0.00000000099999999979 0.00000000099999999979 
0.00000000099999999982 0.99999999800000005656 0.00000000099999999982 
0.00000000099999999980 0.99999999799999994554 0.00000000099999999980 
0.00000000099999999980 0.99999999799999994554 0.00000000099999999980 
0.00000000099999999981 0.99999999800000005656 0.00000000099999999981 
0.35964808806986692247 0.00000000099999999997 0.64035191093013299479 
0.99999999799999994554 0.00000000099999999979 0.00000000099999999979 